24 14
0,0 0,0 45,0 42,0 0,0 7,0 45,0 35,0 15,0 30,0 24,0 0,0 31,0 9,0
0,0 7,16 0 0 0,39 0 0 0 0 0 0 35,3 0 0
0,19 0 0 0 39,45 0 0 0 0 0 0 0 0 0
0,20 0 0 0 0 19,38 0 0 0 0 0 0 0 0
0,0 7,37 0 0 0 0 0 0 21,11 0 0 0 0 4,0
0,45 0 0 0 0 0 0 0 0 0 45,6 0 0 0
0,39 0 0 0 0 0 0 27,21 0 0 0 0 0 0
0,0 9,24 0 0 0 36,37 0 0 0 0 0 0 24,0 38,0
0,16 0 0 22,32 0 0 0 0 0 36,25 0 0 0 0  
0,8 0 0 0 45,38 0 0 0 0 0 0 36,8 0 0 
0,0, 22,0 37,6 0 0 0 4,41 0 0 0 0 0 0 0 
0,31 0 0 0 0 0 0 0 17,16 0 0 0 0 0
0,32 0 0 0 0 0 0 30,37 0 0 0 0 0 0
0,21 0 0 0 0 0 38,40 0 0 0 0 0 0 0
0,42 0 0 0 0 0 0 0 45,10 0 0 0 45,0 16,0
0,16 0 0 42,29 0 0 0 0 0 0 21,16 0 0 0
0,13 0 0 0 0 28,17 0 0 0 0 0 28,9 0 0
0,0, 12,0 24,21 0 0 0 0 0 0 11,9 0 0 0 12,0
0,25 0 0 0 0 0 0 15,24 0 0 0 0 0 0
0,19 0 0 0 10,45 0 0 0 0 0 0 0 0 0
0,0 6,10 0 0 0 0 21,22 0 0 0 0 0 0 3,0
0,36 0 0 0 0 0 0 0 0 3,10 0 0 0 0
0,45 0 0 0 0 0 0 0 0 0 0,7 0 0 0 
0,9 0 0 0,35 0 0 0 0 0 0 0,3 0 0 0,0 