13 13
0,0 0,0 0,0 24,0 21,0 17,0 4,0 0,0 0,0 0,0 0,0 0,0 0,0
0,0 0,0 0,20 0 0 0 0 0,0 0,0 0,0 0,0 0,0 0,0
0,0 3,0 17,23 0 0 0 0 0,0 0,0 3,0 38,0 0,0 0,0
0,25 0 0 0 0 24,0 0,0 3,0 16,4 0 0 0,0 0,0
0,9 0 0 39,12 0 0 16,19 0 0 0 0 4,0 0,0
0,0 0,0 0,35 0 0 0 0 0 0 0,6 0 0 0,0
0,0 0,0 4,24 0 0 0 0 16,0 7,0 38,12 0 0 0,0
0,0 0,12 0 0 0,0 3,0 4,24 0 0 0 0 0,0 0,0
0,0 0,9 0 0 16,26 0 0 0 0 0 0 4,0 17,0
0,0 0,0 0,19 0 0 0 0 0,7 0 0 23,9 0 0
0,0 0,0 0,11 0 0 0,0 0,0 3,0 4,26 0 0 0 0
0,0 0,0 0,0 0,0 0,0 0,0 0,21 0 0 0 0 0,0 0,0
0,0 0,0 0,0 0,0 0,0 0,0 0,18 0 0 0 0 0,0 0,0